function EGI = get_EGI_257ch_sensors_info
% get_EGI_257ch_sensors_info: get information on 257-channels EGI sensors
% layout (flattened 2D map)
%
% EGI = get_EGI_257ch_sensors_info
%
%  Outputs
% ---------
% EGI: structure with following fields:
%       x: [257 x 1] vector of coordinates in x plane (but not in 3D space!)
%       y: [257 x 1] vector of coordinates in y plane (but not in 3D space!)
%       name: {257 x 1} cell of strings with electrode numbers, except 257th electrode, named 'VREF'
%       clinicalname: {257 x 1} cell of strings with electrode label
%       realname: {257 x 1} cell of strings with electrode
%       controlpoints: [70 x 1] vector of indices of electrodes with a clinical name (not just a number)
%       neighbors: {257 x 1} cell array of [1 x n] vector of indices of an electrode's neighbours.
%       X: [257 x 1] vector of coordinates in x plane (in 3D space)
%       Y: [257 x 1] vector of coordinates in y plane (in 3D space)
%       Z: [257 x 1] vector of coordinates in z plane (in 3D space)
%
%-------------------------------------------------------------------------
% NB: based on a "sensorLayout.xml" file contained in .mff file - except that
% y coordinates are reversed (-y) here (to match other tools) - as well as
% additional information coming notably from file "EGI 257.Geneva Average
% 13.10-10.xyz" by D. Brunet & L. Spinelli.
% This layout is used by EGI GES 300, GES 250 and GES 200 systems. Refer to
% the GES Hardware Technical manual for more information.
%-------------------------------------------------------------------------
% Renaud Marquis @ FBMlab, May 2019
%-------------------------------------------------------------------------

% 2D coordinates (as given in sensorLayout.xml)
EGI.x = [224.168000000000;177.024000000000;132;94.5210000000000;62;43.2160000000000;21.4610000000000;0;-19.8700000000000;166.410000000000;121.224000000000;82.9010000000000;50.6380000000000;21.6410000000000;0;-21.4610000000000;-36.3440000000000;103;64.6760000000000;29.6440000000000;0;-21.6410000000000;-43.2160000000000;-57.4530000000000;37;0;-29.6440000000000;-50.6380000000000;-62;-75.9830000000000;0;-37;-64.6760000000000;-82.9010000000000;-94.5210000000000;-96;-103;-121.224000000000;-132;-136.919000000000;-128;-102.735000000000;-83.1300000000000;-60.9000000000000;-31.1210000000000;-166.410000000000;-177.024000000000;-176.881000000000;-169.989000000000;-151.931000000000;-123.333000000000;-95;-61.3070000000000;-224.168000000000;-222.790000000000;-211.799000000000;-191.889000000000;-164.505000000000;-130.739000000000;-92.5900000000000;-270.674000000000;-254.339000000000;-229;-199;-166;-122.994000000000;-317.011000000000;-295;-266.604000000000;-232.327000000000;-195.354000000000;-158;-363.873000000000;-256.771000000000;-219.628000000000;-178.685000000000;-139;-104.607000000000;-72.8940000000000;-40.1540000000000;0;-399.849000000000;-275.545000000000;-237.914000000000;-193.993000000000;-154.454000000000;-115.576000000000;-75.7660000000000;-40.4820000000000;0;-430.803000000000;-389;-349.008000000000;-300.334000000000;-251.578000000000;-204.473000000000;-160.969000000000;-119.493000000000;-83.4050000000000;-41.4110000000000;0;-405;-356.370000000000;-305.694000000000;-255.099000000000;-203.031000000000;-154.525000000000;-112;-73.3540000000000;-42;-361.774000000000;-306.496000000000;-250.149000000000;-196.175000000000;-145.106000000000;-98.1820000000000;-59.3820000000000;-24.8410000000000;0;-296.342000000000;-238.091000000000;-182.025000000000;-126.519000000000;-79.2710000000000;-33.9360000000000;0;24.8410000000000;42;41.4110000000000;40.4820000000000;40.1540000000000;31.1210000000000;-213.814000000000;-152.649000000000;-96.3920000000000;-46.7230000000000;0;33.9360000000000;59.3820000000000;73.3540000000000;83.4050000000000;75.7660000000000;72.8940000000000;61.3070000000000;-114.186000000000;-57.8240000000000;0;46.7230000000000;79.2710000000000;98.1820000000000;112;119.493000000000;115.576000000000;104.607000000000;92.5900000000000;57.8240000000000;96.3920000000000;126.519000000000;145.106000000000;154.525000000000;160.969000000000;154.454000000000;139;122.994000000000;114.186000000000;152.649000000000;182.025000000000;196.175000000000;203.031000000000;204.473000000000;193.993000000000;178.685000000000;158;213.814000000000;238.091000000000;250.149000000000;255.099000000000;251.578000000000;237.914000000000;219.628000000000;195.354000000000;166;130.739000000000;95;60.9000000000000;19.8700000000000;296.342000000000;306.496000000000;305.694000000000;300.334000000000;275.545000000000;256.771000000000;232.327000000000;199;164.505000000000;123.333000000000;83.1300000000000;36.3440000000000;361.774000000000;356.370000000000;349.008000000000;266.604000000000;229;191.889000000000;151.931000000000;102.735000000000;57.4530000000000;405;389;295;254.339000000000;211.799000000000;169.989000000000;128;75.9830000000000;430.803000000000;399.849000000000;363.873000000000;317.011000000000;270.674000000000;222.790000000000;176.881000000000;136.919000000000;96;311.877000000000;296;355.930000000000;404.692000000000;442.413000000000;272.889000000000;339.525000000000;396;444;231;297.477000000000;359;424.563000000000;172.643000000000;252.017000000000;324.916000000000;-172.643000000000;-252.017000000000;-324.916000000000;-231;-297.477000000000;-359;-424.563000000000;-272.889000000000;-339.525000000000;-396;-444;-296;-311.877000000000;-355.930000000000;-404.692000000000;-442.413000000000;0];
