function [XYZ,Names] = get_centered_normalized_257ch_EGI_template
% get_centered_normalized_257ch_EGI_template: average 257-channels EGI
% template file ("EGI 257.Geneva Average 13.10-10.xyz" *) centered and
% normalized by Cartool. Useful for 3D spline interpolation.
%
% [XYZ,Names] = get_centered_normalized_257ch_EGI_template
%
%  Outputs
% ---------
% XYZ: coordinates in X, Y and Z dimensions
%
% Names: electrode labels
%
%-------------------------------------------------------------------------
% * by D. Brunet & L. Spinelli.
% This layout is used by EGI GES 300, GES 250 and GES 200 systems. Refer to
% the GES Hardware Technical manual for more information.
%-------------------------------------------------------------------------
% Cartool: https://sites.google.com/site/cartoolcommunity
%-------------------------------------------------------------------------
% Renaud Marquis @ FBMlab, May 2019
%-------------------------------------------------------------------------

X = [0.506802700000000;0.614817900000000;0.695309900000000;0.731210400000000;0.703983400000000;0.611648300000000;0.504181700000000;0.348145400000000;0.143817600000000;0.710337500000000;0.809717700000000;0.852542500000000;0.836691700000000;0.762753200000000;0.642908900000000;0.504181700000000;0.287340400000000;0.910325500000000;0.952301100000000;0.944406700000000;0.877149600000000;0.762753200000000;0.611648300000000;0.417421800000000;1.01145460000000;1;0.944406700000000;0.836691700000000;0.703983400000000;0.519087500000000;1.02090670000000;1.01145460000000;0.952301100000000;0.852542500000000;0.731210400000000;0.602046400000000;0.910325500000000;0.809717700000000;0.695309900000000;0.562837000000000;0.448480800000000;0.346474700000000;0.237006100000000;0.102677500000000;-0.0576512000000000;0.710337500000000;0.614817900000000;0.500054900000000;0.381609600000000;0.275997800000000;0.160924500000000;0.0465609000000000;-0.112950700000000;0.506802700000000;0.411384200000000;0.298169600000000;0.186615300000000;0.0896729000000000;-0.0277008000000000;-0.170466700000000;0.293088900000000;0.181205000000000;0.0800381000000000;-0.00357620000000000;-0.0874821000000000;-0.216551500000000;0.157808200000000;0.0943686000000000;-0.0549614000000000;-0.119414800000000;-0.175063100000000;-0.246980300000000;0.0735072000000000;-0.248396300000000;-0.320302600000000;-0.367034000000000;-0.392733400000000;-0.371993800000000;-0.340405900000000;-0.277946700000000;-0.177742700000000;-0.0767725000000000;-0.401470800000000;-0.425015300000000;-0.486572500000000;-0.526258800000000;-0.532485900000000;-0.501850900000000;-0.454169400000000;-0.348340200000000;-0.224564300000000;-0.308982800000000;-0.431347500000000;-0.469509400000000;-0.528193400000000;-0.593583900000000;-0.647777500000000;-0.665537700000000;-0.650035500000000;-0.594416700000000;-0.656054900000000;-0.415430400000000;-0.487927200000000;-0.583769400000000;-0.611022900000000;-0.679321800000000;-0.746562800000000;-0.785552600000000;-0.765044600000000;-0.722276200000000;-0.583132000000000;-0.645898000000000;-0.725890700000000;-0.762887800000000;-0.830150400000000;-0.873311500000000;-0.870872200000000;-0.818162800000000;-0.762095500000000;-0.693957100000000;-0.754167000000000;-0.833713200000000;-0.884031700000000;-0.933289700000000;-0.930914500000000;-0.890077200000000;-0.818162800000000;-0.722276200000000;-0.594416700000000;-0.454169400000000;-0.277946700000000;-0.0576512000000000;-0.792083800000000;-0.835667500000000;-0.900031300000000;-0.933704900000000;-0.953716400000000;-0.930914500000000;-0.870872200000000;-0.765044600000000;-0.650035500000000;-0.501850900000000;-0.340405900000000;-0.112950700000000;-0.863315900000000;-0.863326100000000;-0.919107600000000;-0.933704900000000;-0.933289700000000;-0.873311500000000;-0.785552600000000;-0.665537700000000;-0.532485900000000;-0.371993800000000;-0.170466700000000;-0.863326100000000;-0.900031300000000;-0.884031700000000;-0.830150400000000;-0.746562800000000;-0.647777500000000;-0.526258800000000;-0.392733400000000;-0.216551500000000;-0.863315900000000;-0.835667500000000;-0.833713200000000;-0.762887800000000;-0.679321800000000;-0.593583900000000;-0.486572500000000;-0.367034000000000;-0.246980300000000;-0.792083800000000;-0.754167000000000;-0.725890700000000;-0.611022900000000;-0.528193400000000;-0.425015300000000;-0.320302600000000;-0.175063100000000;-0.0874821000000000;-0.0277008000000000;0.0465609000000000;0.102677500000000;0.143817600000000;-0.693957100000000;-0.645898000000000;-0.583769400000000;-0.469509400000000;-0.401470800000000;-0.248396300000000;-0.119414800000000;-0.00357620000000000;0.0896729000000000;0.160924500000000;0.237006100000000;0.287340400000000;-0.583132000000000;-0.487927200000000;-0.431347500000000;-0.0549614000000000;0.0800381000000000;0.186615300000000;0.275997800000000;0.346474700000000;0.417421800000000;-0.415430400000000;-0.308982800000000;0.0943686000000000;0.181205000000000;0.298169600000000;0.381609600000000;0.448480800000000;0.519087500000000;-0.224564300000000;-0.0767725000000000;0.0735072000000000;0.157808200000000;0.293088900000000;0.411384200000000;0.500054900000000;0.562837000000000;0.602046400000000;0.293671100000000;0.451127600000000;0.231477900000000;0.108901600000000;-0.0451365000000000;0.546065600000000;0.385243800000000;0.268156400000000;0.117562700000000;0.657474400000000;0.511897100000000;0.408195100000000;0.257505000000000;0.739858900000000;0.622446500000000;0.517625700000000;0.739858900000000;0.622446500000000;0.517625700000000;0.657474400000000;0.511897100000000;0.408195100000000;0.257505000000000;0.546065600000000;0.385243800000000;0.268156400000000;0.117562700000000;0.451127600000000;0.293671100000000;0.231477900000000;0.108901600000000;-0.0451365000000000;0];
